{
 "cells": [
  {
   "cell_type": "code",
   "execution_count": 33,
   "id": "007f7ce5",
   "metadata": {},
   "outputs": [],
   "source": [
    "l2_list = ['BENZ', 'DBA1', 'TPTA', 'TRZN', 'DICZ', 'TPAM', 'TPOB', 'TBBZ', 'DBA2', 'TPNY', 'BRZN', 'TPTZ', 'BTTP', 'TPBZ', 'STAR', 'STAR1']\n",
    "t3_list = ['PHEN', 'BENZ', 'HDZN', 'PYEN', 'INFL', 'NAPT', 'PTCD', '4IDT', 'BBTZ', 'DPEL', 'TIDA', 'DHPI', 'DPBY', 'PYTO', 'TIEN', 'DFFE', 'ANTR', '2BPD', 'DHSI', '3BPD', 'INTO', 'TPNY', 'BDTP', 'PYRN', 'BPYB', 'NDTP', 'INDE', 'DPDA', 'BDFN', 'IITT', 'BTPH', 'DPEY', '3IDT', 'BPNY', 'TPDI', 'TTPH']\n",
    "s4_list = ['PTCA', 'PHPR', 'PORP']\n",
    "h6_list = ['HPCO', 'HECO']\n",
    "q_list = ['COOH', 'NHOH', 'NHNH2', 'Cl', 'CONHNH2', 'Br', 'CHO', 'BOH2', 'COCHCHOH', 'NH2', 'O', 'CHCN']\n",
    "r_list = ['COOH', 'F', 'Cl', 'OCOCH3', 'Ph', 'Br', 'NO', 'SH', 'CH3', 'OEt', 'EEPO', 'CN', 'tBu', 'SO3H', 'CHS', 'I', 'NO2', 'CHO', 'H', 'EMEPO', 'DMPE', 'MEPO', 'OProp', 'OEEPO', 'EPO', 'NH2', 'SO2H', 'O', 'OMe', 'OH']\n",
    "\n"
   ]
  },
  {
   "cell_type": "code",
   "execution_count": null,
   "id": "812aab6e",
   "metadata": {},
   "outputs": [
    {
     "name": "stdout",
     "output_type": "stream",
     "text": [
      "Generated String: S4_PHPR_CHO_NO2-L2_DPEL_NH2_NO2-SQL_A-AA\n"
     ]
    }
   ],
   "source": [
    "import pandas as pd\n",
    "import random\n",
    "\n",
    "class COFGenerator:\n",
    "    def __init__(self, l2_cores, t3_cores, s4_cores, func_groups):\n",
    "        \"\"\"\n",
    "        l2_cores: list of strings (e.g., ['BENZ', 'BPY', 'TH'])\n",
    "        t3_cores: list of strings (e.g., ['BENZ', 'TPB'])\n",
    "        s4_cores: list of strings (e.g., ['PORPH', 'PYRENE'])\n",
    "        func_groups: list of strings (e.g., ['H', 'OH', 'OMe', 'F', 'CH3'])\n",
    "        \"\"\"\n",
    "        self.cores = {\n",
    "            'L2': l2_cores,\n",
    "            'T3': t3_cores,\n",
    "            'S4': s4_cores,\n",
    "        }\n",
    "        self.func_groups = func_groups\n",
    "\n",
    "        # Define valid connector pairs to ensure chemistry works (Imine, Boroxine, etc.)\n",
    "        # Format: (Connector_A, Connector_B)\n",
    "        self.valid_linkages = [\n",
    "            ('NH2', 'CHO'),  # Amine + Aldehyde (Imine)\n",
    "            ('CHO', 'NH2'),  # Aldehyde + Amine (Imine)\n",
    "            ('BOH2', 'BOH2'), # Boronic acid self-condensation (Boroxine)\n",
    "        ]\n",
    "\n",
    "    def generate_candidate(self, topology=None):\n",
    "        # 1. Topology & Symmetry Rules\n",
    "        # Define which symmetries form which topology\n",
    "        # ['HCB', 'HCB_A', 'SQL', 'SQL_A', 'KGD', 'HXL_A', 'FXT', 'FXT_A', 'DIA', 'DIA_A', 'BOR', 'LON', 'LON_A']\n",
    "        topo_rules = {\n",
    "            'HCB': ('T3', 'L2'), # Honeycomb\n",
    "            'SQL': ('S4', 'L2'), # Square Lattice\n",
    "        }\n",
    "\n",
    "        # Select Topology\n",
    "        if topology and topology in topo_rules:\n",
    "            selected_topo = topology\n",
    "        else:\n",
    "            selected_topo = random.choice(list(topo_rules.keys()))\n",
    "\n",
    "        sym_a, sym_b = topo_rules[selected_topo]\n",
    "\n",
    "        # 2. Select Cores (The \"Blocks\")\n",
    "        core_a = random.choice(self.cores[sym_a])\n",
    "        core_b = random.choice(self.cores[sym_b])\n",
    "\n",
    "        # 3. Select Chemistry (Connectors)\n",
    "        conn_a, conn_b = random.choice(self.valid_linkages)\n",
    "\n",
    "        # 4. Select Functional Groups (Randomized for each node)\n",
    "        func_a = random.choice(self.func_groups)\n",
    "        func_b = random.choice(self.func_groups)\n",
    "\n",
    "        # 5. Fixed Defaults for this builder style\n",
    "        net = \"A\"\n",
    "        stacking = \"AA\" \n",
    "\n",
    "        # 6. Construct the \"AI Handoff\" String\n",
    "        # Format: {Sym}_{Core}_{Conn}_{Func}-{Sym}_{Core}_{Conn}_{Func}-{Top}_{Net}-{Stack}\n",
    "        \n",
    "        block_A_str = f\"{sym_a}_{core_a}_{conn_a}_{func_a}\"\n",
    "        block_B_str = f\"{sym_b}_{core_b}_{conn_b}_{func_b}\"\n",
    "        structure_str = f\"{selected_topo}_{net}-{stacking}\"\n",
    "        \n",
    "        cof_string = f\"{block_A_str}-{block_B_str}-{structure_str}\"\n",
    "\n",
    "        return cof_string\n",
    "\n",
    "# ==========================================\n",
    "# EXAMPLE USAGE WITH YOUR DATAFRAMES\n",
    "# ==========================================\n",
    "\n",
    "l2_list = ['PHEN', 'BENZ', 'HDZN', 'PYEN', 'INFL', 'NAPT', 'PTCD', '4IDT', 'BBTZ', 'DPEL', 'TIDA', 'DHPI', 'DPBY', 'PYTO', 'TIEN', 'DFFE', 'ANTR', '2BPD', 'DHSI', '3BPD', 'INTO', 'TPNY', 'BDTP', 'PYRN', 'BPYB', 'NDTP', 'INDE', 'DPDA', 'BDFN', 'IITT', 'BTPH', 'DPEY', '3IDT', 'BPNY', 'TPDI', 'TTPH']\n",
    "t3_list = ['BENZ', 'DBA1', 'TPTA', 'TRZN', 'DICZ', 'TPAM', 'TPOB', 'TBBZ', 'DBA2', 'TPNY', 'BRZN', 'TPTZ', 'BTTP', 'TPBZ', 'STAR', 'STAR1']\n",
    "s4_list = ['PTCA', 'PHPR', 'PORP']\n",
    "h6_list = ['HPCO', 'HECO']\n",
    "q_list = ['COOH', 'NHOH', 'NHNH2', 'Cl', 'CONHNH2', 'Br', 'CHO', 'BOH2', 'COCHCHOH', 'NH2', 'O', 'CHCN']\n",
    "r_list = ['COOH', 'F', 'Cl', 'OCOCH3', 'Ph', 'Br', 'NO', 'SH', 'CH3', 'OEt', 'EEPO', 'CN', 'tBu', 'SO3H', 'CHS', 'I', 'NO2', 'CHO', 'H', 'EMEPO', 'DMPE', 'MEPO', 'OProp', 'OEEPO', 'EPO', 'NH2', 'SO2H', 'O', 'OMe', 'OH']\n",
    "\n",
    "\n",
    "\n",
    "\n",
    "\n",
    "\n",
    "# Initialize the Generator\n",
    "generator = COFGenerator(l2_list, t3_list, s4_list, r_list)\n",
    "\n",
    "# Generate a candidate string\n",
    "random_cof_string = generator.generate_candidate()\n",
    "\n",
    "print(f\"Generated String: {random_cof_string}\")"
   ]
  },
  {
   "cell_type": "code",
   "execution_count": 35,
   "id": "e0f472bb",
   "metadata": {},
   "outputs": [
    {
     "name": "stderr",
     "output_type": "stream",
     "text": [
      "S4_PHPR_CHO_SO2H_H_H_H_H_H-L2_BPYB_NH2_NH2_H_H_H_H_H-SQL_A-AA  triclinic   P     P1  #  1     1  sym. op.\n"
     ]
    },
    {
     "name": "stdout",
     "output_type": "stream",
     "text": [
      "1. Generating Candidates...\n",
      "\n",
      "2. Building Structures...\n",
      "\n",
      "--- PROCESSING: S4_PHPR_CHO_SO2H-L2_BPYB_NH2_NH2-SQL_A-AA ---\n",
      "   -> Object created successfully.\n"
     ]
    },
    {
     "name": "stderr",
     "output_type": "stream",
     "text": [
      "S4_PORP_CHO_I_H-L2_BDTP_NH2_CN_H-SQL_A-AA                     monoclinic  P     Pm  #  6     2  sym. op.\n"
     ]
    },
    {
     "name": "stdout",
     "output_type": "stream",
     "text": [
      "   -> ✅ Success! Saved to generated_cofs/S4_PHPR_CHO_SO2H-L2_BPYB_NH2_NH2-SQL_A-AA.cif\n",
      "\n",
      "--- PROCESSING: S4_PORP_CHO_I-L2_BDTP_NH2_CN-SQL_A-AA ---\n",
      "   -> Object created successfully.\n"
     ]
    },
    {
     "name": "stderr",
     "output_type": "stream",
     "text": [
      "T3_BRZN_CHO_OH-L2_DPDA_NH2_I_H_H_H-HCB_A-AA                   monoclinic  P    P2/m # 10     4  sym. op.\n"
     ]
    },
    {
     "name": "stdout",
     "output_type": "stream",
     "text": [
      "   -> ✅ Success! Saved to generated_cofs/S4_PORP_CHO_I-L2_BDTP_NH2_CN-SQL_A-AA.cif\n",
      "\n",
      "--- PROCESSING: T3_BRZN_CHO_OH-L2_DPDA_NH2_I-HCB_A-AA ---\n",
      "   -> Object created successfully.\n",
      "   -> ✅ Success! Saved to generated_cofs/T3_BRZN_CHO_OH-L2_DPDA_NH2_I-HCB_A-AA.cif\n"
     ]
    }
   ],
   "source": [
    "import time\n",
    "import os\n",
    "import pycofbuilder as pcb\n",
    "\n",
    "def build_from_string(cof_string):\n",
    "    \"\"\"\n",
    "    Takes the generated string and runs the pycofbuilder assembly.\n",
    "    \"\"\"\n",
    "    print(f\"\\n--- PROCESSING: {cof_string} ---\")\n",
    "    \n",
    "    \n",
    "    try:\n",
    "        # STEP 1: LOAD\n",
    "        # The string contains all info: Geometry, Chemistry, Topology\n",
    "        cof = pcb.Framework(cof_string)\n",
    "        print(f\"   -> Object created successfully.\")\n",
    "\n",
    "        # STEP 2: BUILD & SAVE\n",
    "        output_dir = \"generated_cofs\"\n",
    "        if not os.path.exists(output_dir):\n",
    "            os.makedirs(output_dir)\n",
    "        \n",
    "        # Supercell 1x1x1 is faster for testing, 2x2x2 looks better\n",
    "        cof.save(fmt='cif', supercell=[1, 1, 1], save_dir=output_dir)\n",
    "        \n",
    "        print(f\"   -> ✅ Success! Saved to {output_dir}/{cof_string}.cif\")\n",
    "        return True\n",
    "\n",
    "    except Exception as e:\n",
    "        print(f\"   -> ❌ Error: {e}\")\n",
    "        return False\n",
    "\n",
    "# ==========================================\n",
    "# EXECUTION\n",
    "# ==========================================\n",
    "\n",
    "# 1. Generate 3 Random COFs\n",
    "print(\"1. Generating Candidates...\")\n",
    "candidates = [generator.generate_candidate() for _ in range(3)]\n",
    "\n",
    "# 2. Build them\n",
    "print(\"\\n2. Building Structures...\")\n",
    "for cof_str in candidates:\n",
    "    build_from_string(cof_str)"
   ]
  },
  {
   "cell_type": "code",
   "execution_count": null,
   "id": "78dfb2ee",
   "metadata": {},
   "outputs": [
    {
     "name": "stdout",
     "output_type": "stream",
     "text": [
      "      4     -565.5844534381  -2.9653445E-04   9.2971114E-04\n",
      "      5     -565.5845180609  -6.4622757E-05   1.0000219E-04\n",
      "      6     -565.5845190713  -1.0104604E-06   3.1153947E-05\n",
      "      7     -565.5845191430  -7.1617137E-08   8.2771457E-06\n",
      "------------------------------------------------------------\n",
      "\n",
      " total:                                   3.741 sec\n",
      "3\n",
      "{'bond-orders': array([[0.00000000e+00, 9.13910217e-03, 9.13908237e-03, ...,\n",
      "        5.26216636e-10, 7.34228788e-10, 1.00266637e-08],\n",
      "       [9.13910217e-03, 0.00000000e+00, 9.13909962e-03, ...,\n",
      "        1.00266238e-08, 5.26215062e-10, 7.34225319e-10],\n",
      "       [9.13908237e-03, 9.13909962e-03, 0.00000000e+00, ...,\n",
      "        7.34225797e-10, 1.00266413e-08, 5.26219915e-10],\n",
      "       ...,\n",
      "       [5.26216636e-10, 1.00266238e-08, 7.34225797e-10, ...,\n",
      "        0.00000000e+00, 3.23266167e-12, 3.23266848e-12],\n",
      "       [7.34228788e-10, 5.26215062e-10, 1.00266413e-08, ...,\n",
      "        3.23266167e-12, 0.00000000e+00, 3.23269610e-12],\n",
      "       [1.00266637e-08, 7.34225319e-10, 5.26219915e-10, ...,\n",
      "        3.23266848e-12, 3.23269610e-12, 0.00000000e+00]])}\n",
      "{'bond-orders': array([[0.00000000e+00, 9.13910217e-03, 9.13908237e-03, ...,\n",
      "        5.26216636e-10, 7.34228788e-10, 1.00266637e-08],\n",
      "       [9.13910217e-03, 0.00000000e+00, 9.13909962e-03, ...,\n",
      "        1.00266238e-08, 5.26215062e-10, 7.34225319e-10],\n",
      "       [9.13908237e-03, 9.13909962e-03, 0.00000000e+00, ...,\n",
      "        7.34225797e-10, 1.00266413e-08, 5.26219915e-10],\n",
      "       ...,\n",
      "       [5.26216636e-10, 1.00266238e-08, 7.34225797e-10, ...,\n",
      "        0.00000000e+00, 3.23266167e-12, 3.23266848e-12],\n",
      "       [7.34228788e-10, 5.26215062e-10, 1.00266413e-08, ...,\n",
      "        3.23266167e-12, 0.00000000e+00, 3.23269610e-12],\n",
      "       [1.00266637e-08, 7.34225319e-10, 5.26219915e-10, ...,\n",
      "        3.23266848e-12, 3.23269610e-12, 0.00000000e+00]]), 'molecular-dipole': array([-2.94775038e-11, -3.73592268e-11,  7.82805837e+00])}\n",
      "{'bond-orders': array([[0.00000000e+00, 9.13910217e-03, 9.13908237e-03, ...,\n",
      "        5.26216636e-10, 7.34228788e-10, 1.00266637e-08],\n",
      "       [9.13910217e-03, 0.00000000e+00, 9.13909962e-03, ...,\n",
      "        1.00266238e-08, 5.26215062e-10, 7.34225319e-10],\n",
      "       [9.13908237e-03, 9.13909962e-03, 0.00000000e+00, ...,\n",
      "        7.34225797e-10, 1.00266413e-08, 5.26219915e-10],\n",
      "       ...,\n",
      "       [5.26216636e-10, 1.00266238e-08, 7.34225797e-10, ...,\n",
      "        0.00000000e+00, 3.23266167e-12, 3.23266848e-12],\n",
      "       [7.34228788e-10, 5.26215062e-10, 1.00266413e-08, ...,\n",
      "        3.23266167e-12, 0.00000000e+00, 3.23269610e-12],\n",
      "       [1.00266637e-08, 7.34225319e-10, 5.26219915e-10, ...,\n",
      "        3.23266848e-12, 3.23269610e-12, 0.00000000e+00]]), 'molecular-dipole': array([-2.94775038e-11, -3.73592268e-11,  7.82805837e+00]), 'molecular-quadrupole': array([-3.85998882e+01, -5.20909452e-05, -3.85997082e+01,  4.04982819e+02,\n",
      "        7.01450790e+02,  7.71995964e+01])}\n",
      "------------------------------------------------------------\n",
      "  cycle        total energy    energy error   density error\n",
      "------------------------------------------------------------\n",
      "      1     -565.5808606784  -5.7345338E+02   3.8675297E-03\n",
      "      2     -565.5809975286  -1.3685017E-04   1.8123461E-03\n",
      "      3     -565.5810448173  -4.7288784E-05   1.6982109E-03\n",
      "      4     -565.5811345536  -8.9736295E-05   2.5856345E-04\n",
      "      5     -565.5811400263  -5.4726145E-06   1.3616165E-04\n",
      "      6     -565.5811441088  -4.0825042E-06   4.0637786E-05\n",
      "      7     -565.5811442246  -1.1587542E-07   6.7760078E-06\n",
      "------------------------------------------------------------\n",
      "\n",
      " total:                                   3.870 sec\n",
      "3\n",
      "{'bond-orders': array([[0.00000000e+00, 9.02421039e-03, 9.02632488e-03, ...,\n",
      "        5.85540360e-10, 8.56903474e-10, 1.12468883e-08],\n",
      "       [9.02421039e-03, 0.00000000e+00, 9.02446986e-03, ...,\n",
      "        1.12520233e-08, 5.85747189e-10, 8.57359018e-10],\n",
      "       [9.02632488e-03, 9.02446986e-03, 0.00000000e+00, ...,\n",
      "        8.57304175e-10, 1.12496934e-08, 5.85127389e-10],\n",
      "       ...,\n",
      "       [5.85540360e-10, 1.12520233e-08, 8.57304175e-10, ...,\n",
      "        0.00000000e+00, 3.47987749e-12, 3.47904335e-12],\n",
      "       [8.56903474e-10, 5.85747189e-10, 1.12496934e-08, ...,\n",
      "        3.47987749e-12, 0.00000000e+00, 3.47563173e-12],\n",
      "       [1.12468883e-08, 8.57359018e-10, 5.85127389e-10, ...,\n",
      "        3.47904335e-12, 3.47563173e-12, 0.00000000e+00]])}\n",
      "{'bond-orders': array([[0.00000000e+00, 9.02421039e-03, 9.02632488e-03, ...,\n",
      "        5.85540360e-10, 8.56903474e-10, 1.12468883e-08],\n",
      "       [9.02421039e-03, 0.00000000e+00, 9.02446986e-03, ...,\n",
      "        1.12520233e-08, 5.85747189e-10, 8.57359018e-10],\n",
      "       [9.02632488e-03, 9.02446986e-03, 0.00000000e+00, ...,\n",
      "        8.57304175e-10, 1.12496934e-08, 5.85127389e-10],\n",
      "       ...,\n",
      "       [5.85540360e-10, 1.12520233e-08, 8.57304175e-10, ...,\n",
      "        0.00000000e+00, 3.47987749e-12, 3.47904335e-12],\n",
      "       [8.56903474e-10, 5.85747189e-10, 1.12496934e-08, ...,\n",
      "        3.47987749e-12, 0.00000000e+00, 3.47563173e-12],\n",
      "       [1.12468883e-08, 8.57359018e-10, 5.85127389e-10, ...,\n",
      "        3.47904335e-12, 3.47563173e-12, 0.00000000e+00]]), 'molecular-dipole': array([ 1.75310461e-11, -4.07849809e-10,  7.77307749e+00])}\n",
      "{'bond-orders': array([[0.00000000e+00, 9.02421039e-03, 9.02632488e-03, ...,\n",
      "        5.85540360e-10, 8.56903474e-10, 1.12468883e-08],\n",
      "       [9.02421039e-03, 0.00000000e+00, 9.02446986e-03, ...,\n",
      "        1.12520233e-08, 5.85747189e-10, 8.57359018e-10],\n",
      "       [9.02632488e-03, 9.02446986e-03, 0.00000000e+00, ...,\n",
      "        8.57304175e-10, 1.12496934e-08, 5.85127389e-10],\n",
      "       ...,\n",
      "       [5.85540360e-10, 1.12520233e-08, 8.57304175e-10, ...,\n",
      "        0.00000000e+00, 3.47987749e-12, 3.47904335e-12],\n",
      "       [8.56903474e-10, 5.85747189e-10, 1.12496934e-08, ...,\n",
      "        3.47987749e-12, 0.00000000e+00, 3.47563173e-12],\n",
      "       [1.12468883e-08, 8.57359018e-10, 5.85127389e-10, ...,\n",
      "        3.47904335e-12, 3.47563173e-12, 0.00000000e+00]]), 'molecular-dipole': array([ 1.75310461e-11, -4.07849809e-10,  7.77307749e+00]), 'molecular-quadrupole': array([-3.73452288e+01,  1.20485942e-02, -3.73630053e+01,  4.02058477e+02,\n",
      "        6.96389034e+02,  7.47082341e+01])}\n",
      "------------------------------------------------------------\n",
      "  cycle        total energy    energy error   density error\n",
      "------------------------------------------------------------\n",
      "      1     -565.5975997948  -5.7353514E+02   2.3121999E-03\n",
      "      2     -565.5976703013  -7.0506530E-05   1.1165849E-03\n",
      "      3     -565.5976568155   1.3485776E-05   9.7532103E-04\n",
      "      4     -565.5976952874  -3.8471835E-05   1.8331378E-04\n",
      "      5     -565.5977002109  -4.9235072E-06   6.6851443E-05\n",
      "      6     -565.5977010066  -7.9572146E-07   2.3745937E-05\n",
      "      7     -565.5977010385  -3.1874833E-08   7.3328225E-06\n",
      "------------------------------------------------------------\n",
      "\n",
      " total:                                   3.678 sec\n",
      "3\n",
      "{'bond-orders': array([[0.00000000e+00, 9.01103521e-03, 8.91191958e-03, ...,\n",
      "        5.54240652e-10, 8.12247366e-10, 1.07180785e-08],\n",
      "       [9.01103521e-03, 0.00000000e+00, 8.99856403e-03, ...,\n",
      "        1.04833340e-08, 5.45214753e-10, 7.92091697e-10],\n",
      "       [8.91191958e-03, 8.99856403e-03, 0.00000000e+00, ...,\n",
      "        7.94303300e-10, 1.05870698e-08, 5.73498866e-10],\n",
      "       ...,\n",
      "       [5.54240652e-10, 1.04833340e-08, 7.94303300e-10, ...,\n",
      "        0.00000000e+00, 3.21789368e-12, 3.25354481e-12],\n",
      "       [8.12247366e-10, 5.45214753e-10, 1.05870698e-08, ...,\n",
      "        3.21789368e-12, 0.00000000e+00, 3.40994095e-12],\n",
      "       [1.07180785e-08, 7.92091697e-10, 5.73498866e-10, ...,\n",
      "        3.25354481e-12, 3.40994095e-12, 0.00000000e+00]])}\n",
      "{'bond-orders': array([[0.00000000e+00, 9.01103521e-03, 8.91191958e-03, ...,\n",
      "        5.54240652e-10, 8.12247366e-10, 1.07180785e-08],\n",
      "       [9.01103521e-03, 0.00000000e+00, 8.99856403e-03, ...,\n",
      "        1.04833340e-08, 5.45214753e-10, 7.92091697e-10],\n",
      "       [8.91191958e-03, 8.99856403e-03, 0.00000000e+00, ...,\n",
      "        7.94303300e-10, 1.05870698e-08, 5.73498866e-10],\n",
      "       ...,\n",
      "       [5.54240652e-10, 1.04833340e-08, 7.94303300e-10, ...,\n",
      "        0.00000000e+00, 3.21789368e-12, 3.25354481e-12],\n",
      "       [8.12247366e-10, 5.45214753e-10, 1.05870698e-08, ...,\n",
      "        3.21789368e-12, 0.00000000e+00, 3.40994095e-12],\n",
      "       [1.07180785e-08, 7.92091697e-10, 5.73498866e-10, ...,\n",
      "        3.25354481e-12, 3.40994095e-12, 0.00000000e+00]]), 'molecular-dipole': array([-5.12167878e-10,  6.32933497e-09,  7.63843367e+00])}\n",
      "{'bond-orders': array([[0.00000000e+00, 9.01103521e-03, 8.91191958e-03, ...,\n",
      "        5.54240652e-10, 8.12247366e-10, 1.07180785e-08],\n",
      "       [9.01103521e-03, 0.00000000e+00, 8.99856403e-03, ...,\n",
      "        1.04833340e-08, 5.45214753e-10, 7.92091697e-10],\n",
      "       [8.91191958e-03, 8.99856403e-03, 0.00000000e+00, ...,\n",
      "        7.94303300e-10, 1.05870698e-08, 5.73498866e-10],\n",
      "       ...,\n",
      "       [5.54240652e-10, 1.04833340e-08, 7.94303300e-10, ...,\n",
      "        0.00000000e+00, 3.21789368e-12, 3.25354481e-12],\n",
      "       [8.12247366e-10, 5.45214753e-10, 1.05870698e-08, ...,\n",
      "        3.21789368e-12, 0.00000000e+00, 3.40994095e-12],\n",
      "       [1.07180785e-08, 7.92091697e-10, 5.73498866e-10, ...,\n",
      "        3.25354481e-12, 3.40994095e-12, 0.00000000e+00]]), 'molecular-dipole': array([-5.12167878e-10,  6.32933497e-09,  7.63843367e+00]), 'molecular-quadrupole': array([-3.60303860e+01, -5.57702835e-01, -3.51847566e+01,  3.94486228e+02,\n",
      "        6.83113681e+02,  7.12151426e+01])}\n",
      "------------------------------------------------------------\n",
      "  cycle        total energy    energy error   density error\n",
      "------------------------------------------------------------\n",
      "      1     -559.2595525196  -5.7018485E+02   6.0669340E-02\n",
      "      2     -532.9545689063   2.6304984E+01   2.3628654E-01\n",
      "      3     -559.3114289316  -2.6356860E+01   4.3123060E-02\n",
      "      4     -559.5932396820  -2.8181075E-01   3.0438697E-02\n",
      "      5     -559.6822093565  -8.8969675E-02   2.4100362E-02\n",
      "      6     -559.8130940370  -1.3088468E-01   1.4924278E-02\n",
      "      7     -559.8643161681  -5.1222131E-02   9.2457191E-03\n",
      "      8     -556.7674923634   3.0968238E+00   6.3119441E-02\n",
      "      9     -557.6782980931  -9.1080573E-01   5.7133764E-02\n",
      "     10     -557.3597043138   3.1859378E-01   5.8404344E-02\n",
      "     11     -559.8873229218  -2.5276186E+00   5.7625882E-03\n",
      "     12     -559.8641083443   2.3214578E-02   1.0768758E-02\n",
      "     13     -559.8837780907  -1.9669746E-02   7.9402313E-03\n",
      "     14     -559.8989127957  -1.5134705E-02   4.5072944E-03\n",
      "     15     -559.9013341583  -2.4213626E-03   3.7635721E-03\n",
      "     16     -559.9035688661  -2.2347078E-03   2.4369380E-03\n",
      "     17     -559.9039482184  -3.7935225E-04   2.0593633E-03\n",
      "     18     -559.9041436307  -1.9541236E-04   1.7750919E-03\n",
      "     19     -559.9043173631  -1.7373239E-04   1.6100570E-03\n",
      "     20     -559.9045811292  -2.6376612E-04   1.4870789E-03\n",
      "     21     -559.9053970726  -8.1594337E-04   1.1061797E-03\n",
      "     22     -559.9059487384  -5.5166582E-04   8.2361904E-04\n",
      "     23     -559.9061978292  -2.4909072E-04   5.4683063E-04\n",
      "     24     -559.9062892363  -9.1407101E-05   2.7130493E-04\n",
      "     25     -559.9063164291  -2.7192853E-05   8.3212608E-05\n",
      "     26     -559.9063187897  -2.3605827E-06   3.6766178E-05\n",
      "     27     -559.9063191480  -3.5832193E-07   2.7383852E-05\n",
      "     28     -559.9063194090  -2.6101384E-07   1.1226769E-05\n",
      "------------------------------------------------------------\n",
      "\n",
      " total:                                  13.572 sec\n",
      "3\n",
      "{'bond-orders': array([[0.00000000e+00, 8.44601544e-03, 2.18381777e-02, ...,\n",
      "        3.41126962e-09, 2.81086011e-09, 1.01491411e-09],\n",
      "       [8.44601544e-03, 0.00000000e+00, 6.87768534e-03, ...,\n",
      "        2.45420181e-08, 3.34957834e-09, 8.48656584e-10],\n",
      "       [2.18381777e-02, 6.87768534e-03, 0.00000000e+00, ...,\n",
      "        4.57289621e-09, 1.13838164e-08, 1.36546369e-11],\n",
      "       ...,\n",
      "       [3.41126962e-09, 2.45420181e-08, 4.57289621e-09, ...,\n",
      "        0.00000000e+00, 9.14417519e-11, 1.52963095e-11],\n",
      "       [2.81086011e-09, 3.34957834e-09, 1.13838164e-08, ...,\n",
      "        9.14417519e-11, 0.00000000e+00, 1.10676240e-13],\n",
      "       [1.01491411e-09, 8.48656584e-10, 1.36546369e-11, ...,\n",
      "        1.52963095e-11, 1.10676240e-13, 0.00000000e+00]])}\n",
      "{'bond-orders': array([[0.00000000e+00, 8.44601544e-03, 2.18381777e-02, ...,\n",
      "        3.41126962e-09, 2.81086011e-09, 1.01491411e-09],\n",
      "       [8.44601544e-03, 0.00000000e+00, 6.87768534e-03, ...,\n",
      "        2.45420181e-08, 3.34957834e-09, 8.48656584e-10],\n",
      "       [2.18381777e-02, 6.87768534e-03, 0.00000000e+00, ...,\n",
      "        4.57289621e-09, 1.13838164e-08, 1.36546369e-11],\n",
      "       ...,\n",
      "       [3.41126962e-09, 2.45420181e-08, 4.57289621e-09, ...,\n",
      "        0.00000000e+00, 9.14417519e-11, 1.52963095e-11],\n",
      "       [2.81086011e-09, 3.34957834e-09, 1.13838164e-08, ...,\n",
      "        9.14417519e-11, 0.00000000e+00, 1.10676240e-13],\n",
      "       [1.01491411e-09, 8.48656584e-10, 1.36546369e-11, ...,\n",
      "        1.52963095e-11, 1.10676240e-13, 0.00000000e+00]]), 'molecular-dipole': array([1.25366955e-04, 1.45868781e-04, 6.69576171e+00])}\n",
      "{'bond-orders': array([[0.00000000e+00, 8.44601544e-03, 2.18381777e-02, ...,\n",
      "        3.41126962e-09, 2.81086011e-09, 1.01491411e-09],\n",
      "       [8.44601544e-03, 0.00000000e+00, 6.87768534e-03, ...,\n",
      "        2.45420181e-08, 3.34957834e-09, 8.48656584e-10],\n",
      "       [2.18381777e-02, 6.87768534e-03, 0.00000000e+00, ...,\n",
      "        4.57289621e-09, 1.13838164e-08, 1.36546369e-11],\n",
      "       ...,\n",
      "       [3.41126962e-09, 2.45420181e-08, 4.57289621e-09, ...,\n",
      "        0.00000000e+00, 9.14417519e-11, 1.52963095e-11],\n",
      "       [2.81086011e-09, 3.34957834e-09, 1.13838164e-08, ...,\n",
      "        9.14417519e-11, 0.00000000e+00, 1.10676240e-13],\n",
      "       [1.01491411e-09, 8.48656584e-10, 1.36546369e-11, ...,\n",
      "        1.52963095e-11, 1.10676240e-13, 0.00000000e+00]]), 'molecular-dipole': array([1.25366955e-04, 1.45868781e-04, 6.69576171e+00]), 'molecular-quadrupole': array([ -94.58730086, -131.15238853,   -3.35580386,  386.12182048,\n",
      "        684.38920773,   97.94310472])}\n",
      "------------------------------------------------------------\n",
      "  cycle        total energy    energy error   density error\n",
      "------------------------------------------------------------\n",
      "      1     -565.4131347217  -5.7332906E+02   4.7450321E-02\n",
      "      2     -565.5585527392  -1.4541802E-01   1.9915021E-02\n",
      "      3     -565.5946649111  -3.6112172E-02   9.9725294E-03\n",
      "      4     -565.6008871277  -6.2222165E-03   5.0395692E-03\n",
      "      5     -565.6014751057  -5.8797808E-04   2.2568354E-03\n",
      "      6     -565.6017382936  -2.6318786E-04   5.7106266E-04\n",
      "      7     -565.6017633501  -2.5056458E-05   2.6682456E-04\n",
      "      8     -565.6017718596  -8.5095637E-06   8.9830676E-05\n",
      "      9     -565.6017721781  -3.1849834E-07   2.1461272E-05\n",
      "     10     -565.6017722036  -2.5477902E-08   8.5091519E-06\n",
      "------------------------------------------------------------\n",
      "\n",
      " total:                                   5.403 sec\n",
      "3\n",
      "{'bond-orders': array([[0.00000000e+00, 9.02544292e-03, 8.97781026e-03, ...,\n",
      "        5.24022386e-10, 7.97337697e-10, 1.04397230e-08],\n",
      "       [9.02544292e-03, 0.00000000e+00, 8.83648501e-03, ...,\n",
      "        1.04279681e-08, 5.71538710e-10, 7.75674916e-10],\n",
      "       [8.97781026e-03, 8.83648501e-03, 0.00000000e+00, ...,\n",
      "        8.14635162e-10, 1.08028395e-08, 5.62388484e-10],\n",
      "       ...,\n",
      "       [5.24022386e-10, 1.04279681e-08, 8.14635162e-10, ...,\n",
      "        0.00000000e+00, 3.23962593e-12, 2.93536058e-12],\n",
      "       [7.97337697e-10, 5.71538710e-10, 1.08028395e-08, ...,\n",
      "        3.23962593e-12, 0.00000000e+00, 3.14353315e-12],\n",
      "       [1.04397230e-08, 7.75674916e-10, 5.62388484e-10, ...,\n",
      "        2.93536058e-12, 3.14353315e-12, 0.00000000e+00]])}\n",
      "{'bond-orders': array([[0.00000000e+00, 9.02544292e-03, 8.97781026e-03, ...,\n",
      "        5.24022386e-10, 7.97337697e-10, 1.04397230e-08],\n",
      "       [9.02544292e-03, 0.00000000e+00, 8.83648501e-03, ...,\n",
      "        1.04279681e-08, 5.71538710e-10, 7.75674916e-10],\n",
      "       [8.97781026e-03, 8.83648501e-03, 0.00000000e+00, ...,\n",
      "        8.14635162e-10, 1.08028395e-08, 5.62388484e-10],\n",
      "       ...,\n",
      "       [5.24022386e-10, 1.04279681e-08, 8.14635162e-10, ...,\n",
      "        0.00000000e+00, 3.23962593e-12, 2.93536058e-12],\n",
      "       [7.97337697e-10, 5.71538710e-10, 1.08028395e-08, ...,\n",
      "        3.23962593e-12, 0.00000000e+00, 3.14353315e-12],\n",
      "       [1.04397230e-08, 7.75674916e-10, 5.62388484e-10, ...,\n",
      "        2.93536058e-12, 3.14353315e-12, 0.00000000e+00]]), 'molecular-dipole': array([ 1.22787128e-07, -3.86361939e-07,  7.59582643e+00])}\n",
      "{'bond-orders': array([[0.00000000e+00, 9.02544292e-03, 8.97781026e-03, ...,\n",
      "        5.24022386e-10, 7.97337697e-10, 1.04397230e-08],\n",
      "       [9.02544292e-03, 0.00000000e+00, 8.83648501e-03, ...,\n",
      "        1.04279681e-08, 5.71538710e-10, 7.75674916e-10],\n",
      "       [8.97781026e-03, 8.83648501e-03, 0.00000000e+00, ...,\n",
      "        8.14635162e-10, 1.08028395e-08, 5.62388484e-10],\n",
      "       ...,\n",
      "       [5.24022386e-10, 1.04279681e-08, 8.14635162e-10, ...,\n",
      "        0.00000000e+00, 3.23962593e-12, 2.93536058e-12],\n",
      "       [7.97337697e-10, 5.71538710e-10, 1.08028395e-08, ...,\n",
      "        3.23962593e-12, 0.00000000e+00, 3.14353315e-12],\n",
      "       [1.04397230e-08, 7.75674916e-10, 5.62388484e-10, ...,\n",
      "        2.93536058e-12, 3.14353315e-12, 0.00000000e+00]]), 'molecular-dipole': array([ 1.22787128e-07, -3.86361939e-07,  7.59582643e+00]), 'molecular-quadrupole': array([-38.05210282,  -6.30452467, -34.48200625, 393.97827319,\n",
      "       679.03964302,  72.53410907])}\n",
      "------------------------------------------------------------\n",
      "  cycle        total energy    energy error   density error\n",
      "------------------------------------------------------------\n",
      "      1     -552.6936922793  -5.6573209E+02   8.4615423E-02\n",
      "      2     -444.4428822890   1.0825081E+02   3.6307427E-01\n",
      "      3     -481.3244915194  -3.6881609E+01   2.5487152E-01\n",
      "      4     -550.3856218163  -6.9061130E+01   9.1455725E-02\n",
      "      5     -552.6965147112  -2.3108929E+00   5.9155117E-02\n",
      "      6     -553.2166191979  -5.2010449E-01   4.3340410E-02\n",
      "      7     -553.2325063918  -1.5887194E-02   3.8704211E-02\n",
      "      8     -553.3731526071  -1.4064622E-01   3.1530985E-02\n",
      "      9     -553.2167236638   1.5642894E-01   4.4873971E-02\n",
      "     10     -553.4152991127  -1.9857545E-01   3.5501229E-02\n",
      "     11     -553.7453318110  -3.3003270E-01   2.9029182E-02\n",
      "     12     -553.4772927839   2.6803903E-01   4.3275417E-02\n",
      "     13     -553.0347955846   4.4249720E-01   5.4758236E-02\n",
      "     14     -553.6595904792  -6.2479489E-01   3.4710600E-02\n",
      "     15     -553.7515886221  -9.1998143E-02   2.5943622E-02\n",
      "     16     -553.6681524688   8.3436153E-02   3.4308332E-02\n",
      "     17     -553.7890230412  -1.2087057E-01   2.0378454E-02\n",
      "     18     -553.8056864557  -1.6663414E-02   1.7182586E-02\n",
      "     19     -553.8199094215  -1.4222966E-02   1.3953491E-02\n",
      "     20     -553.8303146745  -1.0405253E-02   7.5819886E-03\n",
      "     21     -553.8270896230   3.2250515E-03   1.0800201E-02\n",
      "     22     -553.8390517795  -1.1962157E-02   7.4443595E-03\n",
      "     23     -553.8363463557   2.7054238E-03   4.7659971E-03\n",
      "     24     -553.8573600146  -2.1013659E-02   1.1728547E-03\n",
      "     25     -553.8289305021   2.8429512E-02   6.3477464E-03\n",
      "     26     -553.8567800307  -2.7849529E-02   1.3029667E-03\n",
      "     27     -553.8422852339   1.4494797E-02   4.5458994E-03\n",
      "     28     -553.8527162150  -1.0430981E-02   2.6313633E-03\n",
      "     29     -553.8544204309  -1.7042159E-03   2.1387051E-03\n",
      "     30     -553.8559854218  -1.5649909E-03   1.5082938E-03\n",
      "     31     -553.8575992316  -1.6138098E-03   2.1899935E-04\n",
      "     32     -553.8575545538   4.4677873E-05   3.3765147E-04\n",
      "     33     -553.8576184716  -6.3917794E-05   1.3557631E-04\n",
      "     34     -553.8576282121  -9.7405137E-06   5.2154048E-05\n",
      "     35     -553.8576299590  -1.7469386E-06   1.5839816E-05\n",
      "     36     -553.8576300146  -5.5576379E-08   1.3445101E-05\n",
      "------------------------------------------------------------\n",
      "\n",
      " total:                                  16.829 sec\n",
      "3\n",
      "{'bond-orders': array([[0.00000000e+00, 2.28971559e-02, 7.03717322e-03, ...,\n",
      "        2.26827151e-08, 2.61998679e-09, 2.45581269e-06],\n",
      "       [2.28971559e-02, 0.00000000e+00, 2.93912446e-02, ...,\n",
      "        7.56572921e-08, 7.18848778e-10, 2.28784963e-07],\n",
      "       [7.03717322e-03, 2.93912446e-02, 0.00000000e+00, ...,\n",
      "        3.02772828e-09, 2.43251945e-09, 7.34490742e-08],\n",
      "       ...,\n",
      "       [2.26827151e-08, 7.56572921e-08, 3.02772828e-09, ...,\n",
      "        0.00000000e+00, 2.30769495e-12, 6.31900954e-09],\n",
      "       [2.61998679e-09, 7.18848778e-10, 2.43251945e-09, ...,\n",
      "        2.30769495e-12, 0.00000000e+00, 3.15855617e-11],\n",
      "       [2.45581269e-06, 2.28784963e-07, 7.34490742e-08, ...,\n",
      "        6.31900954e-09, 3.15855617e-11, 0.00000000e+00]])}\n",
      "{'bond-orders': array([[0.00000000e+00, 2.28971559e-02, 7.03717322e-03, ...,\n",
      "        2.26827151e-08, 2.61998679e-09, 2.45581269e-06],\n",
      "       [2.28971559e-02, 0.00000000e+00, 2.93912446e-02, ...,\n",
      "        7.56572921e-08, 7.18848778e-10, 2.28784963e-07],\n",
      "       [7.03717322e-03, 2.93912446e-02, 0.00000000e+00, ...,\n",
      "        3.02772828e-09, 2.43251945e-09, 7.34490742e-08],\n",
      "       ...,\n",
      "       [2.26827151e-08, 7.56572921e-08, 3.02772828e-09, ...,\n",
      "        0.00000000e+00, 2.30769495e-12, 6.31900954e-09],\n",
      "       [2.61998679e-09, 7.18848778e-10, 2.43251945e-09, ...,\n",
      "        2.30769495e-12, 0.00000000e+00, 3.15855617e-11],\n",
      "       [2.45581269e-06, 2.28784963e-07, 7.34490742e-08, ...,\n",
      "        6.31900954e-09, 3.15855617e-11, 0.00000000e+00]]), 'molecular-dipole': array([-1.12203419e-03,  1.23306713e-03,  6.96858959e+00])}\n",
      "{'bond-orders': array([[0.00000000e+00, 2.28971559e-02, 7.03717322e-03, ...,\n",
      "        2.26827151e-08, 2.61998679e-09, 2.45581269e-06],\n",
      "       [2.28971559e-02, 0.00000000e+00, 2.93912446e-02, ...,\n",
      "        7.56572921e-08, 7.18848778e-10, 2.28784963e-07],\n",
      "       [7.03717322e-03, 2.93912446e-02, 0.00000000e+00, ...,\n",
      "        3.02772828e-09, 2.43251945e-09, 7.34490742e-08],\n",
      "       ...,\n",
      "       [2.26827151e-08, 7.56572921e-08, 3.02772828e-09, ...,\n",
      "        0.00000000e+00, 2.30769495e-12, 6.31900954e-09],\n",
      "       [2.61998679e-09, 7.18848778e-10, 2.43251945e-09, ...,\n",
      "        2.30769495e-12, 0.00000000e+00, 3.15855617e-11],\n",
      "       [2.45581269e-06, 2.28784963e-07, 7.34490742e-08, ...,\n",
      "        6.31900954e-09, 3.15855617e-11, 0.00000000e+00]]), 'molecular-dipole': array([-1.12203419e-03,  1.23306713e-03,  6.96858959e+00]), 'molecular-quadrupole': array([-31.62707253,  93.89773429, -49.68749067, 227.52600479,\n",
      "       680.97781291,  81.3145632 ])}\n",
      "------------------------------------------------------------\n",
      "  cycle        total energy    energy error   density error\n",
      "------------------------------------------------------------\n",
      "      1     -565.2050374316  -5.7309582E+02   7.2363866E-02\n",
      "      2     -565.5193145100  -3.1427708E-01   3.1450204E-02\n",
      "      3     -565.5941157854  -7.4801275E-02   1.4755642E-02\n",
      "      4     -565.6047430861  -1.0627301E-02   7.0987666E-03\n",
      "      5     -565.6058245447  -1.0814586E-03   3.1852066E-03\n",
      "      6     -565.6062434016  -4.1885687E-04   1.0030230E-03\n",
      "      7     -565.6063601084  -1.1670683E-04   3.7786539E-04\n",
      "      8     -565.6063746527  -1.4544267E-05   1.4083568E-04\n",
      "      9     -565.6063757987  -1.1460348E-06   3.5407495E-05\n",
      "     10     -565.6063758478  -4.9029495E-08   1.4355843E-05\n",
      "------------------------------------------------------------\n",
      "\n",
      " total:                                   5.385 sec\n",
      "3\n",
      "{'bond-orders': array([[0.00000000e+00, 8.91841581e-03, 8.91617630e-03, ...,\n",
      "        5.65031373e-10, 8.12937027e-10, 1.06968714e-08],\n",
      "       [8.91841581e-03, 0.00000000e+00, 8.96921541e-03, ...,\n",
      "        1.08517994e-08, 5.69987321e-10, 8.17335346e-10],\n",
      "       [8.91617630e-03, 8.96921541e-03, 0.00000000e+00, ...,\n",
      "        8.42971694e-10, 1.07517618e-08, 5.58233393e-10],\n",
      "       ...,\n",
      "       [5.65031373e-10, 1.08517994e-08, 8.42971694e-10, ...,\n",
      "        0.00000000e+00, 3.10824813e-12, 3.02440308e-12],\n",
      "       [8.12937027e-10, 5.69987321e-10, 1.07517618e-08, ...,\n",
      "        3.10824813e-12, 0.00000000e+00, 3.04896705e-12],\n",
      "       [1.06968714e-08, 8.17335346e-10, 5.58233393e-10, ...,\n",
      "        3.02440308e-12, 3.04896705e-12, 0.00000000e+00]])}\n",
      "{'bond-orders': array([[0.00000000e+00, 8.91841581e-03, 8.91617630e-03, ...,\n",
      "        5.65031373e-10, 8.12937027e-10, 1.06968714e-08],\n",
      "       [8.91841581e-03, 0.00000000e+00, 8.96921541e-03, ...,\n",
      "        1.08517994e-08, 5.69987321e-10, 8.17335346e-10],\n",
      "       [8.91617630e-03, 8.96921541e-03, 0.00000000e+00, ...,\n",
      "        8.42971694e-10, 1.07517618e-08, 5.58233393e-10],\n",
      "       ...,\n",
      "       [5.65031373e-10, 1.08517994e-08, 8.42971694e-10, ...,\n",
      "        0.00000000e+00, 3.10824813e-12, 3.02440308e-12],\n",
      "       [8.12937027e-10, 5.69987321e-10, 1.07517618e-08, ...,\n",
      "        3.10824813e-12, 0.00000000e+00, 3.04896705e-12],\n",
      "       [1.06968714e-08, 8.17335346e-10, 5.58233393e-10, ...,\n",
      "        3.02440308e-12, 3.04896705e-12, 0.00000000e+00]]), 'molecular-dipole': array([ 4.26969305e-06, -1.78531545e-06,  7.51961508e+00])}\n",
      "{'bond-orders': array([[0.00000000e+00, 8.91841581e-03, 8.91617630e-03, ...,\n",
      "        5.65031373e-10, 8.12937027e-10, 1.06968714e-08],\n",
      "       [8.91841581e-03, 0.00000000e+00, 8.96921541e-03, ...,\n",
      "        1.08517994e-08, 5.69987321e-10, 8.17335346e-10],\n",
      "       [8.91617630e-03, 8.96921541e-03, 0.00000000e+00, ...,\n",
      "        8.42971694e-10, 1.07517618e-08, 5.58233393e-10],\n",
      "       ...,\n",
      "       [5.65031373e-10, 1.08517994e-08, 8.42971694e-10, ...,\n",
      "        0.00000000e+00, 3.10824813e-12, 3.02440308e-12],\n",
      "       [8.12937027e-10, 5.69987321e-10, 1.07517618e-08, ...,\n",
      "        3.10824813e-12, 0.00000000e+00, 3.04896705e-12],\n",
      "       [1.06968714e-08, 8.17335346e-10, 5.58233393e-10, ...,\n",
      "        3.02440308e-12, 3.04896705e-12, 0.00000000e+00]]), 'molecular-dipole': array([ 4.26969305e-06, -1.78531545e-06,  7.51961508e+00]), 'molecular-quadrupole': array([-40.57890101,   1.79960601, -33.04726901, 387.97008371,\n",
      "       672.61683636,  73.62617001])}\n",
      "------------------------------------------------------------\n",
      "  cycle        total energy    energy error   density error\n",
      "------------------------------------------------------------\n",
